1241
150
80.9384164222874
78.8856304985337
76.4418377321603
74.0957966764418
71.8475073313783
69.6969696969697
67.741935483871
65.9824046920821
64.5161290322581
63.44086021505376
62.65884652981427
62.2678396871945
61.8768328445748
61.77908113391985
61.58357771261
61.48582600195503
61.48582600195503
61.3880742913001
61.29032258064516
61.29032258064516
61.1925708699902
61.1925708699902
61.1925708699902
61.1925708699902
61.0948191593353
61.0948191593353
60.99706744868035
60.8993157380254
60.8993157380254
60.70381231671554
60.6060606060606
60.50830889540567
60.41055718475074
60.41055718475074
60.3128054740958
60.3128054740958
60.3128054740958
60.21505376344086
60.3128054740958
60.3128054740958
60.3128054740958
60.3128054740958
60.3128054740958
60.41055718475074
60.41055718475074
60.41055718475074
60.41055718475074
60.41055718475074
60.50830889540567
60.50830889540567
60.6060606060606
60.6060606060606
60.6060606060606
60.6060606060606
60.6060606060606
60.6060606060606
60.6060606060606
60.6060606060606
60.6060606060606
60.6060606060606
60.6060606060606
60.6060606060606
60.6060606060606
60.6060606060606
60.6060606060606
60.6060606060606
60.6060606060606
60.6060606060606
60.6060606060606
60.6060606060606
60.6060606060606
60.6060606060606
60.6060606060606
60.6060606060606
60.6060606060606
60.50830889540567
60.6060606060606
60.50830889540567
60.50830889540567
60.6060606060606
60.50830889540567
60.50830889540567
60.50830889540567
60.50830889540567
60.50830889540567
60.41055718475074
60.50830889540567
60.50830889540567
60.50830889540567
60.50830889540567
60.41055718475074
60.50830889540567
60.41055718475074
60.41055718475074
60.41055718475074
60.1173020527859
60.019550342131
59.8240469208211
59.8240469208211
59.92179863147605
59.92179863147605
60.1173020527859
60.21505376344086
60.21505376344086
60.21505376344086
60.21505376344086
60.3128054740958
60.21505376344086
60.1173020527859
60.1173020527859
60.1173020527859
60.1173020527859
60.019550342131
60.019550342131
60.019550342131
59.92179863147605
59.8240469208211
59.62854349951124
59.33528836754643
59.33528836754643
59.0420332355816
58.9442815249267
58.6510263929619
58.455522971652
57.9667644183773
57.8690127077224
57.3802541544477
56.7937438905181
56.40273704789834
55.8162267839687
55.2297165200391
55.13196480938416
54.9364613880743
54.6432062561095
53.86119257087
53.17693059628544
52.68817204301075
52.5904203323558
51.90615835777126
51.31964809384164
50.733137829912
50.53763440860215
50.24437927663734
50.24437927663734
50.53763440860215
52.1994134897361
52.10166177908113
51.12414467253177
50.3421309872923
49.3646138807429
49.46236559139785
48.38709677419355
47.702834799609
46.9208211143695
44.86803519061584
44.08602150537634
42.4242424242424
42.9130009775171
42.22873900293255
41.3489736070381
42.6197458455523
39.49169110459433
38.9051808406647
38.8074291300098
38.8074291300098
38.3186705767351
38.0254154447703
37.63440860215054
37.43890518084066
37.14565004887586
36.85239491691105
36.6568914956012
36.36363636363637
36.1681329423265
35.9726295210166
35.8748778103617
35.6793743890518
35.58162267839687
35.386119257087
35.28836754643206
35.1906158357771
35.0928641251222
34.99511241446725
34.7996089931574
34.70185728250244
34.70185728250244
34.6041055718475
34.6041055718475
34.40860215053763
34.40860215053763
34.3108504398827
34.3108504398827
34.21309872922776
34.21309872922776
34.1153470185728
34.1153470185728
34.1153470185728
34.1153470185728
34.0175953079179
34.0175953079179
33.91984359726295
33.91984359726295
33.91984359726295
33.822091886608
33.7243401759531
33.7243401759531
33.7243401759531
33.7243401759531
33.7243401759531
33.62658846529814
33.7243401759531
33.62658846529814
33.62658846529814
33.5288367546432
33.5288367546432
33.62658846529814
33.5288367546432
33.5288367546432
33.43108504398827
33.43108504398827
33.5288367546432
33.33333333333334
33.33333333333334
33.43108504398827
33.43108504398827
33.5288367546432
33.43108504398827
33.43108504398827
33.43108504398827
33.43108504398827
33.43108504398827
33.5288367546432
33.43108504398827
33.5288367546432
33.5288367546432
33.62658846529814
33.5288367546432
33.5288367546432
33.5288367546432
33.62658846529814
33.62658846529814
